| 7         |           |
| 4         |           |
| 5         |           |
| 3         |           |
| 2         |           |
| 6         |           |
| 8         |           |
| 1         |           |
-------------------------
| 4         |           |
| 5         |           |
| 3         |           |
| 2         |           |
| 6         |           |
| 8         |           |
| 1         |           |
| 7         |           |
-------------------------
| 5         |         4 |
| 3         |           |
| 2         |           |
| 6         |           |
| 8         |           |
| 1         |           |
| 7         |           |
-------------------------
| 3         |         4 |
| 5         |           |
| 2         |           |
| 6         |           |
| 8         |           |
| 1         |           |
| 7         |           |
-------------------------
| 5         |         3 |
| 2         |         4 |
| 6         |           |
| 8         |           |
| 1         |           |
| 7         |           |
-------------------------
| 2         |         3 |
| 5         |         4 |
| 6         |           |
| 8         |           |
| 1         |           |
| 7         |           |
-------------------------
| 5         |         2 |
| 6         |         3 |
| 8         |         4 |
| 1         |           |
| 7         |           |
-------------------------
| 6         |         5 |
| 8         |         2 |
| 1         |         3 |
| 7         |         4 |
-------------------------
| 5         |         2 |
| 6         |         3 |
| 8         |         4 |
| 1         |           |
| 7         |           |
-------------------------
| 5         |         4 |
| 6         |         2 |
| 8         |         3 |
| 1         |           |
| 7         |           |
-------------------------
| 4         |         2 |
| 5         |         3 |
| 6         |           |
| 8         |           |
| 1         |           |
| 7         |           |
-------------------------
| 4         |         3 |
| 5         |         2 |
| 6         |           |
| 8         |           |
| 1         |           |
| 7         |           |
-------------------------
| 3         |         2 |
| 4         |           |
| 5         |           |
| 6         |           |
| 8         |           |
| 1         |           |
| 7         |           |
-------------------------
| 2         |           |
| 3         |           |
| 4         |           |
| 5         |           |
| 6         |           |
| 8         |           |
| 1         |           |
| 7         |           |
-------------------------
| 7         |           |
| 2         |           |
| 3         |           |
| 4         |           |
| 5         |           |
| 6         |           |
| 8         |           |
| 1         |           |
-------------------------
| 1         |           |
| 7         |           |
| 2         |           |
| 3         |           |
| 4         |           |
| 5         |           |
| 6         |           |
| 8         |           |
-------------------------
ra
pb
sa
pb
sa
pb
pb
pa
rrb
pa
rrb
pa
pa
rra
rra
